Details,Posting Date,Description,Amount,Type,Balance,Check or Slip #
DEBIT,09/06/2022,PENTAGON FEDERAL TRNSFR DR  000033754567700 WEB ID: 1530197038,-486.51,ACH_DEBIT,15252.4,
DEBIT,09/06/2022,ATLANTIC BAY MTG MTG PYMT   0054057138      WEB ID: 1541322890,-1668.03,ACH_DEBIT,15738.91,
CREDIT,09/06/2022,Zelle payment from EMMANUEL LEE 25I0H609CQKH,5,PARTNERFI_TO_CHASE,17406.94,
DEBIT,09/02/2022,CARDMEMBER SERV  WEB PYMT   ***********3376 WEB ID: 5911111111,-40,ACH_DEBIT,17401.94,
DEBIT,09/02/2022,CITI CARD ONLINE PAYMENT    420842797674386 WEB ID: CITICTP,-155,ACH_DEBIT,17441.94,
DEBIT,09/01/2022,SoFi Bank PL     PL PYMT    T28164299       WEB ID: 3452499527,-748.8,ACH_DEBIT,17596.94,
DEBIT,09/01/2022,Zelle payment to RoseNunes JPM999fpm6ab,-550,CHASE_TO_PARTNERFI,18345.74,
DEBIT,09/01/2022,Zelle payment to Dimon JPM999fpm4cu,-30,CHASE_TO_PARTNERFI,18895.74,
DEBIT,09/01/2022,Payment to Chase card ending in 7661 09/01,-699.48,ACCT_XFER,18925.74,
